*****************
** Homework 10 **
*****************

b)
-0.50000   210.00000   
-0.48000   212.80000   
-0.46000   215.60000   
-0.44000   218.40000   
-0.42000   221.20000   
-0.40000   224.00000   
-0.38000   226.70000   
-0.36000   229.20000   
-0.34000   231.50000   
-0.32000   233.60000   
-0.30000   235.50000   
-0.28000   237.20000   
-0.26000   238.70000   
-0.24000   240.00000   
-0.22000   241.10000   
-0.20000   242.00000   
-0.18000   242.70000   
-0.16000   243.20000   
-0.14000   243.50000   
** -0.12000   243.60000 **  
-0.10000   243.50000   
-0.08000   243.20000   
-0.06000   242.70000   
-0.04000   242.00000   
-0.02000   241.10000   
 0.00000   240.00000   
 0.02000   239.35000   
 0.04000   238.60000   
 0.06000   237.75000   
 0.08000   236.80000   
 0.10000   235.75000   
 0.12000   234.60000   
 0.14000   233.35000   
 0.16000   232.00000   
 0.18000   230.55000   
 0.20000   229.00000   
 0.22000   227.35000   
 0.24000   225.60000   
 0.26000   223.75000   
 0.28000   221.80000   
 0.30000   219.75000   
 0.32000   217.60000   
 0.34000   215.35000   
 0.36000   213.00000   
 0.38000   210.55000   
 0.40000   208.00000   
 0.42000   205.40000   
 0.44000   202.80000   
 0.46000   200.20000   
 0.48000   197.60000   
 0.50000   195.00000   


The highest temperature is at -0.12000 where the temp is 243.6.


c)

-2.00000    0.00000   
-1.66667    6.50246   
-1.33333   -15.57732   
-1.00000   30.81464   
-0.66667   -58.24237   
-0.33333   108.71104   
 0.00000   503.09411   
 0.33333   366.95231   
 0.66667   64.14385   
 1.00000   -25.83441   
 1.33333   10.20884   
 1.66667   -3.54714   
 2.00000    0.00000   

beta = 40
gamma = 600



